0
184036
329743
469538
905607
3800575
5030137
5569820
6526388
6673434
8064169
8826199
10063802
14487736
15542280
16577523
18453559
19108305
19445239
20033718
22398234
23040126
23334247
23900112
24006185
24065624
24644336
28603269
29776581
30773394
32208680
32245948
32569958
33890426
34093937
35116663
35418404
36143618
36895161
37130188
38210069
39238316
40530578
41783683
42338324
42639607
43932732
44927288
45441462
47449295
47871537
50050310
53268099
53825928
54420546
55397941
55607808
55917256
57023192
57797380
57887054
58995231
59242495
60814482
65647294
66078427
68808816
69945647
70759016
71596022
73380787
75693259
78603146
78888737
79277524
79329580
79681450
81246691
82061227
84820471
85206665
86214921
87033435
87092696
89376550
90180721
91764417
92998208
94343852
96444230
97479327
97926779
98970387
99231215
99912445
100176183
100622788
100833395
100965967
101314855
103214698
103317940
103407739
103483659
103733413
104272095
104311359
104771327
104884467
105037103
105351647
105718775
105726205
105751318
106035228
106178952
106266126
106280008
106322747
106382579
106429710
106578318
106920304
107116667
107120718
107163098
107814965
108087879
108106101
108344320
108396888
108647581
108723432
108799197
108821158
109002269
109033611
109053380
109468120
109625144
109730776
109936639
110386870
110623793
110667758
110828761
110943777
111024762
111366065
111788217
111890099
111938263
112286845
112856478
113241272
113385637
113752867
113895349
113906273
113912921
114211985
114407809
114732798
115021622
115317099
115362433
115895662
116318543
116388028
116907461
117098107
117457527
117582901
118017818
118276808
118579897
118966452
119102993
119190958
119343357
119493509
119543395
119609242
119797863
120061044
120169478
120322410
120427270
120467973
120930746
121160333
121320688
121345149
121591222
121661687
121815752
121978198
122068360
122215834
122227235
122242360
